1 0.5046875 0.64609375 0.01875 0.046875
1 0.48125 0.52421875 0.0234375 0.04609375
1 0.45625 0.475 0.03046875 0.03359375
1 0.45390625 0.5125 0.0203125 0.03359375
1 0.4828125 0.48046875 0.02421875 0.025
1 0.42109375 0.47578125 0.03125 0.03203125
1 0.3921875 0.471875 0.02109375 0.025
1 0.53125 0.52109375 0.03359375 0.04453125
1 0.446875 0.59375 0.02421875 0.040625
1 0.45390625 0.421875 0.0265625 0.02890625
1 0.4890625 0.4203125 0.03125 0.0265625
1 0.5234375 0.47109375 0.02578125 0.04453125
1 0.4125 0.428125 0.02734375 0.03046875
1 0.5296875 0.40859375 0.04609375 0.025
1 0.7375 0.60859375 0.04375 0.04453125