1 0.5402485500382721 0.6579677685204518 0.02249573821317572 0.04734777868534721
1 0.5064835179875681 0.5362194018792017 0.02718323821317572 0.04745688145888884
1 0.4776650051672865 0.4871636528291323 0.03285104135632881 0.03510235182361114
1 0.47863034573782703 0.524645469033542 0.02347604135632899 0.034884146276527875
1 0.5044458289886041 0.49246940187920174 0.026237168320799496 0.027144381458888846
1 0.44261791707794523 0.4886891320275698 0.03434076674922295 0.03357621941479181
1 0.4135661178637335 0.48489133159072945 0.02303939371369381 0.025509146276527873
1 0.5562651941662505 0.5326956647969796 0.03648546360606986 0.046112587005972296
1 0.4777271253073317 0.6057863662600005 0.02696491439185813 0.042769381458888846
1 0.47128441852568737 0.4339477338511809 0.029507717535011226 0.030342116641249993
1 0.5055502566150286 0.4324040708571532 0.03412244292790554 0.02888871941479181
1 0.5445614067388631 0.4824774592498963 0.028672963606069857 0.04593074905006951
1 0.43024204156121665 0.4407964926848962 0.029580492142117266 0.031904616641249994
1 0.5455566724546287 0.42006837822784765 0.048112168320799495 0.027653527735416718
1 0.7693516991286493 0.6172564220151742 0.04742296360606986 0.04636716014423605