1 0.30528632443986475 0.8001814637039528 0.29580938381969624 0.39963707259209436
1 0.15597292405869403 0.40312607926235655 0.15633808916607275 0.33064356965141817
1 0.7476642692628974 0.9270415298488681 0.08309946828879458 0.14299308344622794
1 0.5451242422486666 0.17981024649349703 0.20084695236260472 0.2924751843053107
1 0.7081695447947979 0.09823709916160198 0.1211609104104042 0.1278527623244719
1 0.8860978527437755 0.1647672591566532 0.0780787683452644 0.08353619629109836
1 0.6398334426157198 0.5718892831282284 0.05078822625188941 0.0696441146538925
1 0.7384999138176991 0.7345707468321814 0.06565436305535748 0.11092421189493056
1 0.6691995081042693 0.2560562432141367 0.08805998407381015 0.14792624491161738
1 0.06308268486438641 0.6929045522385635 0.04691977360693615 0.08346095318850325
1 0.5434317955712566 0.9085018125268706 0.29496243145709156 0.14319223654387442
1 0.3509507660673642 0.31147192503305654 0.131263952503779 0.14084408525525038
1 0.3983662794333053 0.5333745805055521 0.06858194198043535 0.13444359905006031
1 0.23769336091863186 0.4262160984842335 0.0664734104104042 0.12498671189493056
1 0.2862673688111396 0.4264108502932558 0.03634629465362353 0.08913774310259508
1 0.2572183636906421 0.5753463172765689 0.028731215728545756 0.0653726944820761
1 0.4801538767036474 0.43422110752934506 0.046933726110715314 0.2174265174128546
1 0.5539106241433986 0.5133154652858326 0.027956941980435347 0.13231453301668683
1 0.5229259346526249 0.4936680286056726 0.03382751038216938 0.1528726944820761
1 0.608840318825257 0.4582052414051144 0.03756018415851479 0.056489017412854635
1 0.559545245091264 0.4031182717082677 0.0337981473268119 0.04538774310259495
1 0.7211058294191879 0.5353995844622809 0.031037168373499215 0.05147396879233561
1 0.7065505057557819 0.556578543643678 0.03525423151356151 0.07038774310259513
1 0.6861561638176991 0.7318275271353347 0.029277247298576902 0.0747476944820761