1 0.5268523428300239 0.5624972717860108 0.09207239258219672 0.15031301779449713
1 0.42955129692303834 0.6247970005314727 0.13885886137453216 0.18028436068413461
1 0.3768877216174106 0.7653145711779885 0.09158106965141818 0.14093801779449713
1 0.5437166954981288 0.7206599402650801 0.08713923111680746 0.145434516805914
1 0.7114121285602442 0.6627877263483659 0.0786716338757694 0.13261618182494211
1 0.7745019487774891 0.6022123236866276 0.10951884215265544 0.09645318874502422
1 0.3680218181810801 0.3283875741437381 0.08443031094499087 0.12349584980971962
1 0.6105479121427578 0.478594457070994 0.04455558344622812 0.07665534190105419
1 0.7394408740376883 0.5430946502646424 0.028445904567984216 0.037019838935304604
1 0.4029113952957301 0.23547983254669508 0.04168288896415202 0.05159167490485981
1 0.3317247127994417 0.09693198570272502 0.04390048620519007 0.06415534190105418