1 0.0637455369503816 0.41811552678548625 0.09389808320625012 0.14273432028847227
1 0.14155945279420096 0.5340509577312849 0.04771145459715283 0.03702852773541672
1 0.06419555936746475 0.6338678133546182 0.08234102773541671 0.04876611474138883
1 0.39904595089433986 0.48689024268489617 0.06842530452090285 0.12183993882958344
1 0.4749902018442704 0.5152347546527435 0.09244468597979179 0.1473854526972918
1 0.15268009717086767 0.4592691632783682 0.05977634992375007 0.08572060087368065
1 0.1252200590831243 0.8330515021842014 0.040189895326597246 0.04934668977951375
1 0.4792029635277773 0.636492158813056 0.09658536569131933 0.0569059230620141
1 0.2972619792953467 0.6619610182361114 0.04175239532659729 0.049383057370694414
1 0.30037598081395805 0.29308373166697943 0.04869337955902786 0.07921602773541672
1 0.08114275076249929 0.8460957096311461 0.01944098423243057 0.030123911094166546