1 0.20612826116314253 0.6546307731319132 0.12116017824559702 0.1879011948044244
1 0.3946256809316842 0.6290382581143795 0.10611306699689198 0.13299550649282174
1 0.27385941666366054 0.6339558088457282 0.07130141935425689 0.1230204886359143
1 0.40893223758949393 0.7518445125786064 0.04873290653397535 0.07422843262955983
1 0.2333714654635875 0.7870302159077429 0.0647945541766104 0.08387616801906325
1 0.06281275475300174 0.6279301310874323 0.060291144747151026 0.12126707386326192
1 0.5244544220403441 0.5672940089251585 0.047388730355292806 0.07888865909060953
1 0.47115394768090724 0.6631598879839958 0.04495724317557439 0.1272443384737585
1 0.9887158593866783 0.6045459618439624 0.02256828122664345 0.13206820616851012
1 0.8181593027288685 0.15244985348470164 0.09379284946188085 0.10311709172016936
1 0.6325321718354562 0.172628165580136 0.06809933664159917 0.054270488635914306
1 0.500575850495338 0.20545252799988192 0.056035984284234175 0.06342730032431154
1 0.568341239246633 0.1519923372526472 0.03499573821317572 0.047447744317957154
1 0.6942873091390092 0.1744867203686744 0.034704639784752266 0.041197744317957155