1 0.153125 0.58671875 0.08125 0.1734375
1 0.34453125 0.59453125 0.0796875 0.11796875
1 0.22421875 0.578125 0.04453125 0.115625
1 0.3296875 0.71640625 0.0328125 0.06875
1 0.1484375 0.7203125 0.04765625 0.07578125
1 0.01796875 0.5359375 0.03359375 0.115625
1 0.4875 0.55703125 0.03046875 0.0734375
1 0.41171875 0.64140625 0.015625 0.1265625
1 0.96953125 0.68125 0.06015625 0.121875
1 0.875 0.2046875 0.07265625 0.0890625
1 0.6875 0.1921875 0.059375 0.0421875
1 0.54921875 0.20078125 0.04375 0.05546875
1 0.62890625 0.1609375 0.02578125 0.0421875
1 0.74765625 0.2046875 0.02578125 0.0359375