1 0.31714012428457294 0.6209523798499628 0.09239887357870132 0.11343802586424748
1 0.29541558468085977 0.48509744787579373 0.08532982622365459 0.09919366943775679
1 0.4815960083866179 0.5022980050810719 0.11281778939195171 0.08907452335696497
1 0.6399013320500238 0.4758538623654925 0.08525423151356151 0.0711141335443795
1 0.5534772556146077 0.3528004587628534 0.06861276308359247 0.07998902837152996
1 0.5060437295885972 0.6583517767886843 0.09057876834526439 0.08218802586424748
1 0.41329332941918795 0.4832274078257813 0.0574022472985769 0.07498327962517112
1 0.36835109769386504 0.33088966950426374 0.057144642065139896 0.04377874373179384
1 0.6590054607492226 0.21480270209893576 0.02653167889684287 0.05380696159934022
1 0.3548283820359064 0.4693300438774431 0.058312299915295365 0.0906082796251713
1 0.6508248795462448 0.6096832930860203 0.03334312101845249 0.036846782132453626
1 0.42435338480791673 0.6147130885463091 0.016808068401734034 0.02076714106622681
1 0.29423803448321567 0.27767139278208647 0.02516659997176518 0.03036946159934022
1 0.25402328718463874 0.35215456723440813 0.02627407366340595 0.022602425705962936
1 0.4357620506917542 0.7134317333734596 0.02396812101845249 0.0365739974927175
1 0.38991820064940197 0.6703098706787627 0.01726309471009326 0.02857964106622681
1 0.6164245766471776 0.32991087655125745 0.059981215728545936 0.06569920783841657
1 0.5030754372128736 0.37454507812146776 0.02396812101845249 0.0365739974927175