1 0.41409255839241255 0.28845264784752295 0.07055184389007838 0.11875430810555185
1 0.4943507082341279 0.2313358147205804 0.05659699247815268 0.06817211124870501
1 0.17286215314042072 0.22962549565677381 0.09122805674305985 0.132200377997928
1 0.33234480172849495 0.18712128018867713 0.1370406619159093 0.1514983416039979
1 0.19018369695135684 0.31547310442427945 0.19920569279472175 0.19652405128112632
1 0.5206811906831507 0.38547965922006244 0.2671781059642724 0.33388281017246646
1 0.7296159214828208 0.4069138192686944 0.15076819279472176 0.19426803846084476
1 0.5922990925699302 0.6213123054149555 0.0746483105039836 0.09866013192686936
1 0.5185517040109858 0.5804282861845331 0.08196070533113406 0.08183650496239885
1 0.3843943496960661 0.3939556310982999 0.05154577962517113 0.05545378742738745
1 0.877099989904363 0.5955675585153275 0.07032452335696533 0.11094180810555195