1 0.834375 0.253125 0.12421875 0.11484375
1 0.7140625 0.2765625 0.04765625 0.090625
1 0.846875 0.35546875 0.021875 0.075
1 0.90078125 0.39140625 0.03046875 0.0671875
1 0.02109375 0.584375 0.025 0.1203125
1 0.4265625 0.2421875 0.09921875 0.06484375
1 0.40703125 0.4890625 0.03203125 0.0734375
1 0.321875 0.353125 0.02734375 0.08515625
1 0.2171875 0.578125 0.034375 0.04921875
1 0.13984375 0.50703125 0.05625 0.06484375
1 0.3296875 0.50078125 0.02890625 0.0375
1 0.13671875 0.321875 0.01796875 0.0234375
1 0.39765625 0.33203125 0.02578125 0.07109375
1 0.453125 0.35078125 0.028125 0.0734375
1 0.8109375 0.34375 0.021875 0.075