1 0.22324898312495903 0.184375 0.15173116950744614 0.1390625
1 0.3332216946503716 0.234375 0.07062501324684387 0.0984375
1 0.18470978358044593 0.28125 0.04022818511654278 0.078125
1 0.12298110989664854 0.30390625 0.04782243030721935 0.071875
1 0.9235663754209271 0.68984375 0.055873032484137754 0.1234375
1 0.6204116706037546 0.265625 0.1139385036281972 0.0859375
1 0.5751537011889756 0.51015625 0.051165685116542826 0.078125
1 0.6923908196079627 0.396875 0.04842263103285873 0.0890625
1 0.7354686638955146 0.63984375 0.04727679328391084 0.05625
1 0.8287027979235984 0.5875 0.07142362141421188 0.0765625
1 0.6468005226958548 0.5390625 0.037465283665263985 0.04375
1 0.8795088736916465 0.4078125 0.02436508293962447 0.0265625
1 0.6249503484639032 0.359375 0.04324405771188111 0.075
1 0.5661656255057451 0.36484375 0.04647818511654282 0.078125
1 0.22231891098510764 0.278125 0.040228185116542824 0.078125