1 0.05711689739813338 0.47974531203449333 0.04425907733927246 0.045787688998963995
1 0.6866958567393148 0.5668495913946009 0.04885567067154532 0.038193512820281585
1 0.7882765380728604 0.5731424408564816 0.03482953333863605 0.04066354135632881
1 0.09698791939845156 0.48394481451569266 0.01589772000318166 0.024165246071058633
1 0.1556907573997242 0.49604886228216233 0.014280676002545345 0.01940497146395259
1 0.5303185874044967 0.5486346306840152 0.07694430800445425 0.03637845574818695
1 0.7296282440722239 0.565725893090012 0.037881808004454245 0.03455909057054072
1 0.20264757340067874 0.5052633504953381 0.00955681333545444 0.01606164764263518
1 0.32238790873645135 0.5287993579389362 0.02676249466899989 0.018424668320799496
1 0.43161745806808777 0.5213935804363461 0.02676249466899989 0.018424668320799496
1 0.4584526780712695 0.5460682487571458 0.009520450668363623 0.01293664764263518