1 0.4617084047289934 0.4102394395261234 0.05043771751493065 0.08678297970746059
1 0.6060032653863198 0.4026059918790299 0.057160496200277855 0.10720457386326192
1 0.8749896547289934 0.41745329057848835 0.07892639342673605 0.1028989034085667
1 0.9643807694703824 0.5002306087597074 0.052545731382639 0.11024775324641087
1 0.8164160481557297 0.517952122559425 0.030887630508958354 0.052080697240056394
1 0.6689052685204518 0.5216247731286179 0.04629442496187508 0.042978432629560005
1 0.7309857348011114 0.4375867382255819 0.04000805737069442 0.04130683847375849
1 0.7391242367009726 0.38462537945928393 0.03550239532659738 0.049037517856907444
1 0.5389086439954172 0.5060798193957398 0.02881598423243048 0.030178423701106283
1 0.3832755866247226 0.46275473903965614 0.02768989532659729 0.048901150162155814
1 0.3240993019554517 0.4031518680984935 0.046949041603125075 0.07110343262955983
1 0.40349782085715324 0.49278315827653535 0.0180603221883334 0.03780000892845372
1 0.4246253256068059 0.3603933981302656 0.026127395326597202 0.048873876623205435
1 0.6509150686729517 0.35262931127806485 0.03179551386770836 0.023982970779006862
1 0.6809487139995489 0.4015713717486462 0.02511040919430556 0.07228410308425506
1 0.6612551162600003 0.46135942897281657 0.017623911094166722 0.01905000892845372
1 0.3302752603523267 0.33297573579324524 0.021076219414791632 0.03316705600635448