1 0.369203644753073 0.10219720464672818 0.16784271049385407 0.20439440929345637
1 0.6049436017125238 0.6957524692473221 0.04820668973360735 0.1098840773392725
1 0.5432275103057613 0.7347337005888217 0.037876684790691686 0.08633748933799978
1 0.7101576837277463 0.7007752292330046 0.044606845855386726 0.059865896005727136
1 0.3800536896592453 0.6765046719446388 0.07037084980971961 0.07890679734245402
1 0.4698682647543855 0.7145035639322304 0.052292011862997964 0.05683180267345413
1 0.45214886555268824 0.6319365119350939 0.03985567885919252 0.05824885200509069
1 0.3166769391649537 0.6795847659532294 0.058924013840164415 0.06627952800763595
1 0.1783439510279518 0.6249710859723194 0.17568970258518862 0.172276084022908
1 0.21733221927955954 0.9329648519653198 0.01995967292769336 0.029905676002545435
1 0.7624537182909764 0.9313070665579595 0.04903967787060921 0.05367044000636341
1 0.37501738528717066 0.9342535372772298 0.025411176882026078 0.0487102200031817
1 0.08514180178907352 0.9384074246499099 0.08369852076024667 0.09936474801081766
1 0.38001122178819846 0.5242336472788207 0.04234400889724856 0.0426602146721816
1 0.29520514026726763 0.5166307799570473 0.01708934091247105 0.03611931333545435
1 0.32481438581864336 0.5373699939529113 0.013391337946721472 0.022020450668363622
1 0.3445048033091293 0.5332364772835932 0.00902217292769345 0.029778406667727353
1 0.59019671631381 0.9426820132479584 0.021076503954332713 0.018986357336090977