1 0.7846380648732295 0.42061993549506094 0.09273432028847228 0.09378969473518968
1 0.44693543028020866 0.28932781779386413 0.12336737765916683 0.13545140507947587
1 0.3123078167730906 0.38394589174781396 0.07220361474138892 0.08370536660488855
1 0.28013305603951427 0.4796775431990928 0.06388196846486113 0.06155754809323426
1 0.10084559954250043 0.5031398689671412 0.035356924961875036 0.04338790145127867
1 0.06643423195131987 0.50277777041842 0.035320557370694484 0.041825401451278846
1 0.24028995924989624 0.514689949459695 0.03553876291777787 0.05120040145127884
1 0.19163360049243097 0.4733853923807862 0.03677395459715278 0.037192465153609786
1 0.1999558999793407 0.5286086057202973 0.055814895326597294 0.05034722958157989
1 0.36523475465274347 0.47436007142206116 0.057741071238402865 0.06602679328391084
1 0.5551148722439241 0.4692930815888621 0.0755104526972918 0.09162699400955035
1 0.6450131736306949 0.468499418704838 0.054361498100139016 0.05498016587924894
1 0.5999006953821879 0.47867551607243275 0.03851829255305557 0.045059528855940556
1 0.569103330640799 0.3984349445655536 0.03433993882958344 0.0667708377489479
1 0.4136358870615629 0.4711060966498046 0.017769381458888844 0.02560020072563951