1 0.1296875 0.57578125 0.08515625 0.04921875
1 0.071875 0.49765625 0.09140625 0.0578125
1 0.72421875 0.5625 0.05859375 0.10234375
1 0.59921875 0.54609375 0.05859375 0.078125
1 0.921875 0.44296875 0.04140625 0.06015625
1 0.69609375 0.434375 0.0421875 0.05546875
1 0.55 0.4171875 0.03984375 0.04921875
1 0.5921875 0.47578125 0.0328125 0.04453125
1 0.85 0.421875 0.01484375 0.0359375
1 0.86796875 0.44296875 0.00859375 0.02890625
1 0.778125 0.40703125 0.03125 0.02421875
1 0.8046875 0.53359375 0.0234375 0.03125
1 0.540625 0.46171875 0.03125 0.0359375
1 0.4203125 0.4265625 0.0171875 0.0265625
1 0.35703125 0.4921875 0.0234375 0.02890625