1 0.8685615641154794 0.5999777959006176 0.08622839149054791 0.053001003628197194
1 0.92527517242854 0.5222545891845284 0.09253293364502539 0.06259425843752062
1 0.27326724483363857 0.5760640253125615 0.061537463699254766 0.1052529843909035
1 0.398376329142594 0.56167912149903 0.059838608313060426 0.08176092068857255
1 0.0747257265850701 0.45270090326537743 0.042542024004105096 0.062410719962933216
1 0.3005796994577071 0.448085358252186 0.04407725292686617 0.05777778366526398
1 0.4460058289462022 0.4336285325689556 0.04091589149054773 0.05141865626060227
1 0.40425414530117676 0.4915575944571879 0.033076120413308985 0.0464583377489479
1 0.14594674161218474 0.4333085517214313 0.01583407825883123 0.03648313702330856
1 0.1286365217646099 0.4538021009957919 0.009547716822512741 0.03001488221398514
1 0.21791719038252072 0.4194122320286507 0.031395445745273864 0.02609127404661713
1 0.1929575761175319 0.5459102446425224 0.02361930718159235 0.03206845553496294
1 0.4559030037124332 0.47851444663410614 0.03145907825883114 0.03702877404661713
1 0.575652422330344 0.4451885698624167 0.017342036104353475 0.02716270072563951
1 0.6401189224285397 0.5122967135091472 0.023610216822512697 0.030505955534962936