1 0.39629614088471604 0.7616865559826006 0.1304532191310198 0.25721727767481417
1 0.5272119482116623 0.7896528432760616 0.12840604025277608 0.21815477767481414
1 0.624537327564876 0.8016295428205747 0.04741498982323478 0.1607390925582714
1 0.7050027555386086 0.8192560416394483 0.11509381275401331 0.17246033175849823
1 0.2816471426937383 0.8060317783077864 0.047107373360319824 0.06559028366526398
1 0.17420645691808959 0.7944816646981228 0.14052318068726607 0.0922470421027846
1 0.1841813274533343 0.13666173021455214 0.3058626549066686 0.27114091233587
1 0.5788663856847917 0.19801346949959694 0.2569138998182858 0.3489732464566209
1 0.36237268373948384 0.3971057008104574 0.2701375961093843 0.4227381286706061
1 0.1734606699446739 0.45289436542376216 0.15790983378491238 0.30496529691210783
1 0.8715540111928182 0.5451166811098276 0.2447369629109833 0.7415774087076731