1 0.629331394298425 0.755810480117793 0.12455268527287444 0.25517051542127545
1 0.49667801867160455 0.7635974809285718 0.12341608260730723 0.21610801542127547
1 0.4004478763517364 0.7605873035740178 0.04369983887551352 0.16005683847375848
1 0.3192888045649818 0.7651305275994355 0.11116012351524951 0.1706046006486231
1 0.7404794944567097 0.8148388323912691 0.04561402837152997 0.06482615909060954
1 0.8478289932030684 0.8239080949731707 0.1384834899708701 0.08987279788867966
1 0.8636676949062927 0.15290011972993717 0.2726646101874145 0.2875853693163095
1 0.5881605442066474 0.23070670901117926 0.33533237556031353 0.4614134180223585
1 0.6865682666265405 0.46638374148187867 0.22204746239076306 0.33183420129724617
1 0.8683638359060126 0.4819700109636392 0.15091660847155489 0.30248189204448084
1 0.17062501788018167 0.4644465093354908 0.22761813011266013 0.737975107141445